theta: -1.6840202808380127
x: 62.29681396484375
y: -88.75474548339844
