theta: -1.7000616788864136
x: 62.27891159057617
y: -88.53785705566406
