theta: -1.50155508518219
x: 62.29442596435547
y: -89.67292022705078
