theta: -1.7764098644256592
x: 62.65373229980469
y: -87.09029388427734
