theta: -1.923437476158142
x: 62.862613677978516
y: -86.39136505126953
