theta: -1.7182527780532837
x: 62.407840728759766
y: -88.12547302246094
