theta: -1.923123836517334
x: 63.03472900390625
y: -85.92778015136719
