theta: -1.7166386842727661
x: 62.465232849121094
y: -87.73733520507812
