theta: -1.6851060390472412
x: 62.32094192504883
y: -89.10447692871094
