theta: -1.6888715028762817
x: 62.28730773925781
y: -89.4254379272461
