theta: -2.1522488594055176
x: 63.91960525512695
y: -83.52599334716797
