theta: -1.6152414083480835
x: 62.407920837402344
y: -89.52594757080078
