theta: -2.0018351078033447
x: 63.287109375
y: -85.28108978271484
