theta: -2.148534059524536
x: 63.63521957397461
y: -84.09465026855469
