theta: -1.764924168586731
x: 62.63523864746094
y: -87.22228240966797
