theta: -1.9147202968597412
x: 63.3750114440918
y: -98.36358642578125
