theta: -2.268498420715332
x: 65.22322082519531
y: -95.00569915771484
