theta: -1.6256370544433594
x: 63.08042907714844
y: -99.56908416748047
