theta: -1.6317095756530762
x: 63.08021545410156
y: -99.57263946533203
