theta: -2.4738574028015137
x: 66.67343139648438
y: -93.80473327636719
