theta: -1.62257981300354
x: 63.057861328125
y: -99.56250762939453
