theta: -2.47648024559021
x: 66.65216064453125
y: -93.79592895507812
