theta: -1.6213722229003906
x: 63.0836181640625
y: -99.57209777832031
