theta: -1.6245253086090088
x: 63.06181716918945
y: -99.55097961425781
