theta: -1.7260699272155762
x: 63.08683395385742
y: -99.53398895263672
