theta: -1.6217122077941895
x: 63.08362579345703
y: -99.57198333740234
