theta: -1.6233866214752197
x: 63.05778503417969
y: -99.56397247314453
