theta: -2.4786460399627686
x: 66.58907318115234
y: -93.84534454345703
