theta: -2.065096616744995
x: 64.60375213623047
y: -95.87879943847656
