theta: -2.460988998413086
x: 65.80717468261719
y: -94.2917709350586
