theta: -2.126823902130127
x: 63.77756118774414
y: -97.3432846069336
