theta: -1.622112512588501
x: 63.05790710449219
y: -99.56163024902344
