theta: -1.8392314910888672
x: 63.19623565673828
y: -99.05262756347656
