theta: -2.588327169418335
x: 66.03372192382812
y: -94.19933319091797
