theta: -2.0563178062438965
x: 64.48615264892578
y: -96.12248229980469
