theta: -2.169825315475464
x: 63.996368408203125
y: -96.53611755371094
