theta: -2.169153928756714
x: 63.81319046020508
y: -96.93789672851562
