theta: -2.0524184703826904
x: 63.552371978759766
y: -97.76126098632812
