theta: -1.6295437812805176
x: 63.0803108215332
y: -99.57113647460938
