theta: -1.8399215936660767
x: 63.13481521606445
y: -99.37532806396484
