theta: -1.9387505054473877
x: 63.40898895263672
y: -98.16517639160156
