theta: -2.464132308959961
x: 66.71492004394531
y: -93.77154541015625
