theta: -2.1531927585601807
x: 64.7723388671875
y: -95.53487396240234
