theta: -1.8310933113098145
x: 63.09161376953125
y: -99.51465606689453
