theta: -2.1141905784606934
x: 64.23603057861328
y: -96.38829040527344
