theta: -2.197249412536621
x: 64.90381622314453
y: -95.29662322998047
