theta: -1.8485116958618164
x: 63.22773742675781
y: -98.65596008300781
