theta: -1.5763463973999023
x: 61.81599426269531
y: -65.81092071533203
