theta: -2.8192663192749023
x: 63.092811584472656
y: -62.18538284301758
