theta: -1.333477258682251
x: 61.633731842041016
y: -63.52589797973633
