theta: -2.851329803466797
x: 63.16816711425781
y: -62.16085433959961
