theta: -1.4413015842437744
x: 61.51289749145508
y: -63.44682312011719
