theta: -1.5523650646209717
x: 61.81709671020508
y: -66.49993133544922
