theta: -2.8665659427642822
x: 63.658878326416016
y: -62.09758758544922
