theta: -2.8903775215148926
x: 63.3974494934082
y: -62.126800537109375
