theta: -2.8826911449432373
x: 63.52586364746094
y: -62.14246368408203
