theta: -1.5544744729995728
x: 61.79841613769531
y: -66.32794952392578
