theta: -1.3325005769729614
x: 61.671478271484375
y: -63.68118667602539
