theta: -1.5629143714904785
x: 61.46625518798828
y: -63.32625961303711
