theta: -1.5551624298095703
x: 61.7996711730957
y: -66.1430892944336
