theta: -1.3319950103759766
x: 61.74016571044922
y: -63.88493728637695
