theta: -1.333010196685791
x: 61.65267562866211
y: -63.60366439819336
