theta: -1.7373965978622437
x: 61.53083419799805
y: -63.27545928955078
