theta: -2.895346164703369
x: 63.320701599121094
y: -62.14619827270508
