theta: -2.8849844932556152
x: 63.46922302246094
y: -62.15736770629883
