theta: -1.3323347568511963
x: 61.721248626708984
y: -63.80732345581055
