theta: -1.5528820753097534
x: 61.846561431884766
y: -65.98042297363281
