theta: -1.906856656074524
x: 61.5721549987793
y: -63.15262222290039
