theta: -1.556436538696289
x: 61.802001953125
y: -66.30213165283203
