theta: -1.3819775581359863
x: 61.55449676513672
y: -63.428001403808594
