theta: -1.5546232461929321
x: 61.847877502441406
y: -66.06025695800781
