theta: -2.2003085613250732
x: 65.00584411621094
y: -61.08015823364258
