theta: -2.1313350200653076
x: 65.1559829711914
y: -60.90762710571289
