theta: -2.891292095184326
x: 63.26298522949219
y: -62.1337776184082
