theta: -1.5525707006454468
x: 76.86157989501953
y: -168.1808319091797
