theta: -1.2744667530059814
x: 78.59275817871094
y: -162.24989318847656
