theta: -1.4989794492721558
x: 76.86431884765625
y: -168.22573852539062
