theta: -1.4973734617233276
x: 76.83503723144531
y: -168.24972534179688
