theta: -1.8838807344436646
x: 79.03453826904297
y: -164.47804260253906
