theta: -1.1165189743041992
x: 78.80767822265625
y: -162.64768981933594
