theta: -1.138942003250122
x: 78.6842041015625
y: -162.3958740234375
