theta: -2.188746213912964
x: 77.30269622802734
y: -167.2604522705078
