theta: -1.2472400665283203
x: 79.0391616821289
y: -163.2368621826172
