theta: -1.3814986944198608
x: 78.40687561035156
y: -161.77073669433594
