theta: -1.7674810886383057
x: 79.14952850341797
y: -164.07293701171875
