theta: -1.4966861009597778
x: 76.86491394042969
y: -168.23321533203125
