theta: -1.3517051935195923
x: 78.505615234375
y: -161.98817443847656
