theta: -1.4989794492721558
x: 76.86497497558594
y: -168.23414611816406
