theta: -1.7340282201766968
x: 76.87442779541016
y: -168.0813446044922
