theta: -2.039051055908203
x: 78.45624542236328
y: -165.73472595214844
