theta: -1.4977132081985474
x: 76.83502197265625
y: -168.24949645996094
