theta: -2.0554556846618652
x: 77.16056823730469
y: -167.53382873535156
