theta: -1.6378384828567505
x: 79.13397216796875
y: -163.777099609375
