theta: -1.4969145059585571
x: 76.83810424804688
y: -168.24513244628906
