theta: -1.9444148540496826
x: 78.96614837646484
y: -164.75360107421875
