theta: -1.5007628202438354
x: 76.84385681152344
y: -168.25567626953125
