theta: -1.9331493377685547
x: 76.98637390136719
y: -167.84689331054688
