theta: -1.4584814310073853
x: 79.14751434326172
y: -163.4761199951172
