theta: -2.265479564666748
x: 77.52980041503906
y: -166.9882049560547
