theta: -1.501442313194275
x: 76.84390258789062
y: -168.2563934326172
