theta: -1.3764784336090088
x: 78.27452087402344
y: -161.19654846191406
