theta: -1.4999984502792358
x: 76.84379577636719
y: -168.25479125976562
