theta: -2.2671709060668945
x: 77.72168731689453
y: -166.78443908691406
