theta: -1.9609792232513428
x: 78.63355255126953
y: -165.43605041503906
