theta: -1.4974240064620972
x: 76.838134765625
y: -168.24551391601562
