theta: -1.5009067058563232
x: 76.84261322021484
y: -168.2549285888672
