theta: -1.9466009140014648
x: 78.8316879272461
y: -165.12472534179688
