theta: -1.1196329593658447
x: 78.93535614013672
y: -162.94850158691406
