theta: -1.501755952835083
x: 76.84265899658203
y: -168.2556915283203
