theta: -1.4992928504943848
x: 76.84255981445312
y: -168.25424194335938
