theta: 1.4287718534469604
x: 72.66523742675781
y: -80.55780792236328
