theta: 1.1235535144805908
x: 72.68657684326172
y: -80.77753448486328
