theta: 0.803616464138031
x: 72.64541625976562
y: -80.8794937133789
