theta: 1.583155632019043
x: 70.99195098876953
y: -85.22716522216797
