theta: 0.6913297772407532
x: 72.54805755615234
y: -80.92174530029297
