theta: 1.605346441268921
x: 71.0459976196289
y: -86.08003997802734
