theta: 1.3559948205947876
x: 70.86768341064453
y: -88.15087127685547
