theta: 1.5777254104614258
x: 71.02140045166016
y: -86.53458404541016
