theta: 1.32114577293396
x: 72.66508483886719
y: -80.52539825439453
