theta: 1.424904227256775
x: 72.64629364013672
y: -80.4254150390625
