theta: 1.35834538936615
x: 70.92508697509766
y: -87.9312515258789
