theta: 1.355849027633667
x: 70.75611877441406
y: -88.66149139404297
