theta: 0.9021168947219849
x: 72.67511749267578
y: -80.94378662109375
