theta: 1.5959782600402832
x: 71.08211517333984
y: -86.33322143554688
