theta: 1.4292784929275513
x: 72.64408874511719
y: -80.44055938720703
