theta: 1.488925576210022
x: 71.02799987792969
y: -87.1219711303711
