theta: 1.375096082687378
x: 70.65682220458984
y: -89.31547546386719
