theta: 1.2555841207504272
x: 72.69916534423828
y: -80.65835571289062
