theta: 1.4226139783859253
x: 72.66586303710938
y: -80.55365753173828
