theta: 1.4218465089797974
x: 72.64739227294922
y: -80.41802978515625
