theta: 1.017629623413086
x: 72.66615295410156
y: -80.8550033569336
