theta: 1.5918022394180298
x: 71.01603698730469
y: -85.72117614746094
