theta: -1.4121057987213135
x: 72.70301055908203
y: -103.21324920654297
