theta: -1.5971214771270752
x: 72.8084487915039
y: -105.09284210205078
