theta: -1.5150963068008423
x: 74.82267761230469
y: -111.3017807006836
