theta: -1.5359773635864258
x: 75.02809143066406
y: -110.5329360961914
