theta: -1.5314115285873413
x: 75.00849151611328
y: -110.29144287109375
