theta: -1.6025493144989014
x: 75.09126281738281
y: -110.27194213867188
