theta: -1.319512963294983
x: 72.49161529541016
y: -102.29206085205078
