theta: -1.4970965385437012
x: 74.83811950683594
y: -111.00446319580078
