theta: -1.5901305675506592
x: 72.78783416748047
y: -104.73793029785156
