theta: -1.3361653089523315
x: 72.57276916503906
y: -102.67665100097656
