theta: -1.68487548828125
x: 75.01223754882812
y: -110.2736587524414
