theta: -1.4963912963867188
x: 72.71845245361328
y: -103.64192962646484
