theta: -1.4907623529434204
x: 74.81324005126953
y: -111.16635131835938
