theta: -1.5041592121124268
x: 74.814208984375
y: -111.437744140625
