theta: -1.5259976387023926
x: 75.03057861328125
y: -110.59062957763672
