theta: -1.5104117393493652
x: 75.03504180908203
y: -110.67030334472656
