theta: -1.502927541732788
x: 74.81425476074219
y: -111.4383316040039
