theta: -1.4965742826461792
x: 74.9498291015625
y: -110.80907440185547
