theta: -1.1459590196609497
x: 73.11750793457031
y: -107.1165771484375
