theta: -1.53166663646698
x: 75.001708984375
y: -110.1307144165039
