theta: -1.4979033470153809
x: 74.84402465820312
y: -111.08507537841797
