theta: -1.4913145303726196
x: 74.81964111328125
y: -111.24626159667969
