theta: -1.4920854568481445
x: 74.85128021240234
y: -111.17718505859375
