theta: -1.567916989326477
x: 72.81935119628906
y: -105.47688293457031
