theta: -1.4921153783798218
x: 74.95462799072266
y: -110.86971282958984
