theta: -1.4882510900497437
x: 74.83737182617188
y: -111.44005584716797
