theta: -1.0257092714309692
x: 73.38349151611328
y: -107.58992004394531
