theta: -2.9494309425354004
x: 68.52261352539062
y: -180.67054748535156
