theta: -3.0639665126800537
x: 68.5256576538086
y: -180.66917419433594
