theta: -3.0938644409179688
x: 57.16815185546875
y: -183.67837524414062
