theta: 3.020357370376587
x: 57.89997863769531
y: -183.733642578125
