theta: -2.814622402191162
x: 68.49552917480469
y: -180.7032928466797
