theta: 2.962029218673706
x: 59.004642486572266
y: -183.96865844726562
