theta: 2.9595298767089844
x: 58.24897003173828
y: -183.8460693359375
