theta: -2.226917266845703
x: 54.67351531982422
y: -184.88601684570312
