theta: 2.955796480178833
x: 58.48314666748047
y: -183.8724822998047
