theta: -2.752012252807617
x: 68.37297058105469
y: -180.79238891601562
