theta: -2.746746301651001
x: 68.29914855957031
y: -180.82310485839844
