theta: -3.117561101913452
x: 68.5264892578125
y: -180.6691131591797
