theta: -2.44844126701355
x: 55.05760955810547
y: -184.55137634277344
