theta: 2.988821029663086
x: 59.294151306152344
y: -184.04098510742188
