theta: -2.6729040145874023
x: 63.88190841674805
y: -183.00918579101562
