theta: -2.861405611038208
x: 68.49456787109375
y: -180.698974609375
