theta: -3.1177871227264404
x: 64.62909698486328
y: -185.1920166015625
