theta: 2.78318452835083
x: 63.76140213012695
y: -185.010986328125
