theta: 2.8529539108276367
x: 61.50046920776367
y: -183.9376983642578
