theta: 2.9052317142486572
x: 64.03585815429688
y: -185.1363067626953
