theta: -3.072552442550659
x: 65.93077850341797
y: -184.9976348876953
