theta: -2.9801290035247803
x: 65.34996032714844
y: -185.08596801757812
