theta: 2.84394907951355
x: 61.89440155029297
y: -183.96461486816406
