theta: 2.598336696624756
x: 63.28504180908203
y: -184.7458038330078
