theta: 2.659252405166626
x: 63.47887420654297
y: -184.8634490966797
