theta: 3.059220790863037
x: 66.45924377441406
y: -185.03321838378906
