theta: 2.579522132873535
x: 62.866851806640625
y: -184.45465087890625
