theta: 2.9165210723876953
x: 66.95519256591797
y: -185.1525115966797
