theta: 2.7880799770355225
x: 62.09513473510742
y: -184.10287475585938
