theta: 2.6051506996154785
x: 59.88792419433594
y: -183.02459716796875
