theta: 3.1223933696746826
x: 66.20745086669922
y: -184.98521423339844
