theta: -3.02128005027771
x: 65.0863265991211
y: -185.12046813964844
