theta: 2.7209079265594482
x: 61.24201202392578
y: -183.8710479736328
