theta: 0.7650169134140015
x: 66.77567291259766
y: -206.3415985107422
