theta: 0.6515367031097412
x: 62.76667785644531
y: -210.08016967773438
