theta: 0.7122634649276733
x: 64.56086730957031
y: -208.44529724121094
