theta: 0.961667537689209
x: 68.87938690185547
y: -204.0443115234375
