theta: 0.9617524743080139
x: 68.8800048828125
y: -204.04342651367188
