theta: 0.7405058145523071
x: 64.94239044189453
y: -208.12559509277344
