theta: 0.7138634324073792
x: 63.991844177246094
y: -208.88909912109375
