theta: 0.9628543853759766
x: 68.87604522705078
y: -204.03924560546875
