theta: 0.7702924609184265
x: 66.87982940673828
y: -206.182861328125
