theta: 0.6447230577468872
x: 62.46774673461914
y: -210.3202362060547
