theta: 0.6969805359840393
x: 63.03662109375
y: -209.79083251953125
