theta: 0.7689869999885559
x: 66.17223358154297
y: -206.8985137939453
