theta: 0.7464311122894287
x: 65.44657897949219
y: -207.69979858398438
