theta: 0.9614976644515991
x: 68.87883758544922
y: -204.04510498046875
