theta: 0.7064571380615234
x: 63.76487731933594
y: -209.1529541015625
