theta: 0.7020091414451599
x: 63.509437561035156
y: -209.35272216796875
