theta: 0.7600415349006653
x: 65.97827911376953
y: -207.1385955810547
