theta: 0.699731707572937
x: 63.26936721801758
y: -209.59376525878906
