theta: 0.9625146389007568
x: 68.87640380859375
y: -204.03872680664062
