theta: 0.7438349723815918
x: 65.12632751464844
y: -207.94252014160156
