theta: 0.710489809513092
x: 64.30606079101562
y: -208.66001892089844
