theta: 0.8774803876876831
x: 72.19290924072266
y: -207.1544647216797
