theta: 0.14674876630306244
x: 76.06416320800781
y: -204.8065643310547
