theta: -1.12543523311615
x: 79.95768737792969
y: -205.0202178955078
