theta: -1.089186191558838
x: 79.9139175415039
y: -205.0256805419922
