theta: 0.47854071855545044
x: 74.0208740234375
y: -205.4076385498047
