theta: -0.7691620588302612
x: 79.77577209472656
y: -204.90736389160156
