theta: 0.8652353882789612
x: 71.90593719482422
y: -207.4844207763672
