theta: 0.7317864298820496
x: 73.11369323730469
y: -205.9751739501953
