theta: -0.7259327173233032
x: 79.63623809814453
y: -204.92666625976562
