theta: 0.878717303276062
x: 72.47801971435547
y: -206.81600952148438
