theta: 0.6387208700180054
x: 73.40059661865234
y: -205.76487731933594
