theta: 0.8673587441444397
x: 71.9908676147461
y: -207.38438415527344
