theta: 0.13704988360404968
x: 76.77082824707031
y: -204.6680145263672
