theta: 0.8180927038192749
x: 72.8807144165039
y: -206.2223358154297
