theta: -0.9042282700538635
x: 79.82372283935547
y: -204.95663452148438
