theta: -1.2411136627197266
x: 79.97456359863281
y: -205.06967163085938
