theta: 0.13857042789459229
x: 76.37022399902344
y: -204.74417114257812
