theta: 0.8646056056022644
x: 72.74622344970703
y: -206.4265899658203
