theta: 0.2674540877342224
x: 74.77853393554688
y: -205.10861206054688
