theta: 0.15580812096595764
x: 75.02346801757812
y: -205.0802764892578
