theta: 0.4518076479434967
x: 74.29979705810547
y: -205.29774475097656
