theta: -1.235507845878601
x: 79.9752197265625
y: -205.07156372070312
