theta: 0.13532927632331848
x: 75.7118148803711
y: -204.99855041503906
