theta: 0.8532922863960266
x: 71.7820053100586
y: -207.6427459716797
