theta: 0.1403966099023819
x: 75.4925765991211
y: -204.9723663330078
