theta: -1.22862708568573
x: 74.19068908691406
y: -156.65554809570312
