theta: -1.4894044399261475
x: 78.16964721679688
y: -174.8284454345703
