theta: -1.3811630010604858
x: 77.19732666015625
y: -167.73001098632812
