theta: -1.5074373483657837
x: 77.36693572998047
y: -168.5537109375
