theta: -1.2229949235916138
x: 74.31246948242188
y: -156.98866271972656
