theta: -1.2253191471099854
x: 73.74820709228516
y: -155.45054626464844
