theta: -1.3675792217254639
x: 76.9270248413086
y: -167.00918579101562
