theta: -1.3615832328796387
x: 76.36257934570312
y: -165.04843139648438
