theta: -1.4926358461380005
x: 77.54927825927734
y: -170.6677703857422
