theta: -1.4937779903411865
x: 78.16474914550781
y: -174.69805908203125
