theta: -1.2280592918395996
x: 74.985107421875
y: -159.00706481933594
