theta: -1.3695317506790161
x: 76.82637786865234
y: -166.7799072265625
