theta: -1.4941703081130981
x: 78.14078521728516
y: -174.7351531982422
