theta: -1.359991192817688
x: 76.4636001586914
y: -165.39761352539062
