theta: -1.2646445035934448
x: 75.14962768554688
y: -159.8004150390625
