theta: -1.2222273349761963
x: 74.06905364990234
y: -156.3463592529297
