theta: -1.23000168800354
x: 73.50042724609375
y: -154.78858947753906
