theta: -1.2265397310256958
x: 74.7550048828125
y: -158.25868225097656
