theta: -1.2255654335021973
x: 74.6402816772461
y: -157.9293670654297
