theta: -1.5251796245574951
x: 77.55787658691406
y: -170.40298461914062
