theta: -1.2402526140213013
x: 73.27864837646484
y: -153.9482879638672
