theta: -1.2311608791351318
x: 74.34738159179688
y: -157.38162231445312
