theta: -1.2338294982910156
x: 73.39378356933594
y: -154.434326171875
