theta: -1.2261072397232056
x: 74.8939437866211
y: -158.62730407714844
