theta: -1.5453946590423584
x: 77.4863510131836
y: -169.04971313476562
