theta: -1.3625496625900269
x: 76.5948486328125
y: -165.6708984375
