theta: -1.361037015914917
x: 76.64102935791016
y: -166.33526611328125
