theta: -1.5454214811325073
x: 77.28218841552734
y: -168.7566375732422
