theta: -1.3696507215499878
x: 77.07618713378906
y: -167.4833526611328
