theta: -1.2266417741775513
x: 73.84175872802734
y: -155.67164611816406
