theta: -1.2693597078323364
x: 73.03723907470703
y: -153.26263427734375
