theta: -1.4940330982208252
x: 78.16464233398438
y: -174.6967010498047
