theta: -1.3615338802337646
x: 76.53666687011719
y: -165.95361328125
