theta: -1.2245686054229736
x: 73.65680694580078
y: -155.13880920410156
