theta: -1.494085431098938
x: 78.140869140625
y: -174.73626708984375
