theta: -1.4947645664215088
x: 78.16022491455078
y: -174.72535705566406
