theta: -1.4475514888763428
x: 77.3388671875
y: -168.16531372070312
