theta: -1.5488001108169556
x: 77.46440124511719
y: -169.60671997070312
