theta: -1.494934320449829
x: 78.16015625
y: -174.72445678710938
