theta: -1.2428570985794067
x: 73.1720962524414
y: -153.74734497070312
