theta: -1.628219485282898
x: 62.21959686279297
y: -75.69149017333984
