theta: -2.0081398487091064
x: 66.92281341552734
y: -71.52377319335938
