theta: -2.008012533187866
x: 66.92279815673828
y: -71.52378845214844
