theta: -2.008207082748413
x: 66.857421875
y: -71.54464721679688
