theta: -2.0105392932891846
x: 66.92244720458984
y: -71.52454376220703
