theta: -2.3736484050750732
x: 62.30942916870117
y: -75.70484161376953
