theta: -1.8818039894104004
x: 62.244102478027344
y: -75.69679260253906
