theta: -2.5659217834472656
x: 62.32950210571289
y: -75.68769073486328
