theta: -2.616055727005005
x: 62.32398986816406
y: -75.61719512939453
