theta: -2.0330934524536133
x: 66.81069946289062
y: -71.63878631591797
