theta: -2.5728652477264404
x: 62.326942443847656
y: -75.68932342529297
