theta: -2.0106875896453857
x: 66.8939208984375
y: -71.51134490966797
