theta: -1.9178235530853271
x: 66.91413879394531
y: -71.49967956542969
