theta: -1.894497036933899
x: 66.8715591430664
y: -71.48980712890625
