theta: -2.166356325149536
x: 66.4934310913086
y: -72.3141098022461
