theta: -2.0547239780426025
x: 66.76008605957031
y: -71.81925964355469
