theta: -2.1011130809783936
x: 66.64961242675781
y: -72.02522277832031
