theta: -1.3699963092803955
x: 62.206703186035156
y: -75.74886322021484
