theta: -2.1277265548706055
x: 65.85896301269531
y: -73.2537841796875
