theta: -2.0097360610961914
x: 66.87291717529297
y: -71.51150512695312
