theta: -1.6156808137893677
x: 72.79887390136719
y: -123.6514663696289
