theta: -1.0906656980514526
x: 74.58622741699219
y: -135.3699188232422
