theta: -1.3857522010803223
x: 73.6755142211914
y: -132.9267578125
