theta: -1.5258820056915283
x: 72.86827087402344
y: -125.8874740600586
