theta: -1.325496792793274
x: 73.69596099853516
y: -133.38400268554688
