theta: -1.064485788345337
x: 74.72895812988281
y: -135.59129333496094
