theta: -1.4221298694610596
x: 73.60127258300781
y: -132.56068420410156
