theta: -1.034440279006958
x: 75.3064193725586
y: -136.6044158935547
