theta: -1.1175339221954346
x: 74.45165252685547
y: -135.0407257080078
