theta: -1.5450173616409302
x: 72.82318115234375
y: -125.04347229003906
