theta: -1.233498454093933
x: 73.92472076416016
y: -134.0106658935547
