theta: -1.5067150592803955
x: 72.8644790649414
y: -126.29246520996094
