theta: -1.0189785957336426
x: 75.65550231933594
y: -137.07289123535156
