theta: -1.0495887994766235
x: 75.07723999023438
y: -136.21058654785156
