theta: -1.45359206199646
x: 73.4722900390625
y: -131.9415283203125
