theta: -1.571528434753418
x: 72.81192016601562
y: -124.01585388183594
