theta: -1.2787344455718994
x: 73.83353424072266
y: -133.7185516357422
