theta: -1.5789886713027954
x: 72.79535675048828
y: -123.89020538330078
