theta: -1.4491755962371826
x: 73.53414154052734
y: -132.34825134277344
