theta: -1.030023217201233
x: 75.5186767578125
y: -136.8690948486328
