theta: -1.0583893060684204
x: 74.88243103027344
y: -135.79176330566406
