theta: -1.6375172138214111
x: 72.8284912109375
y: -123.63818359375
