theta: -1.5300238132476807
x: 76.3774185180664
y: -138.295654296875
