theta: -1.000662922859192
x: 75.91995239257812
y: -137.52085876464844
