theta: -1.1924526691436768
x: 74.10453796386719
y: -134.331787109375
