theta: -1.785109519958496
x: 69.84274291992188
y: -204.41461181640625
