theta: -2.030449390411377
x: 70.53471374511719
y: -202.235107421875
