theta: -1.9873559474945068
x: 70.25108337402344
y: -202.7831268310547
