theta: -2.311094284057617
x: 71.8136215209961
y: -199.76248168945312
