theta: -1.7800825834274292
x: 69.86393737792969
y: -204.35621643066406
