theta: -1.8602449893951416
x: 70.0646743774414
y: -203.4919891357422
