theta: -1.8444910049438477
x: 69.93115997314453
y: -203.97940063476562
