theta: -2.255784034729004
x: 73.22180938720703
y: -198.2456817626953
