theta: -1.8717381954193115
x: 70.04047393798828
y: -203.35682678222656
