theta: -2.0772852897644043
x: 73.92434692382812
y: -197.0207977294922
