theta: -1.8449153900146484
x: 69.9744644165039
y: -203.82504272460938
