theta: -1.8496891260147095
x: 69.9883804321289
y: -203.65882873535156
