theta: -2.2340452671051025
x: 71.5864486694336
y: -200.13929748535156
