theta: -2.3247339725494385
x: 73.03738403320312
y: -198.40457153320312
