theta: -1.7843446731567383
x: 69.84302520751953
y: -204.41331481933594
