theta: -1.780591607093811
x: 69.87569427490234
y: -204.33282470703125
