theta: -1.8508169651031494
x: 70.04249572753906
y: -203.56959533691406
