theta: -2.064295530319214
x: 71.0619125366211
y: -201.1221466064453
