theta: -1.948030710220337
x: 70.14932250976562
y: -203.03195190429688
