theta: -2.179309368133545
x: 71.42303466796875
y: -200.43234252929688
