theta: -2.176598072052002
x: 73.43060302734375
y: -197.91139221191406
