theta: -2.404132127761841
x: 72.70902252197266
y: -198.7526397705078
