theta: -2.4071338176727295
x: 72.3013916015625
y: -198.99752807617188
