theta: -2.0155653953552246
x: 70.35086822509766
y: -202.51861572265625
