theta: -1.8047982454299927
x: 69.89299011230469
y: -204.2544403076172
