theta: -1.8255547285079956
x: 69.91917419433594
y: -204.10218811035156
