theta: -1.8526008129119873
x: 70.02008056640625
y: -203.64710998535156
