theta: -1.84994375705719
x: 69.96624755859375
y: -203.736083984375
