theta: -2.124457359313965
x: 73.61150360107422
y: -197.6474151611328
