theta: -2.366701364517212
x: 72.10144805908203
y: -199.33642578125
