theta: -1.8153623342514038
x: 69.89962005615234
y: -204.17971801757812
