theta: -1.8444910049438477
x: 69.95835876464844
y: -203.88243103027344
