theta: -2.100911855697632
x: 73.78720092773438
y: -197.3258514404297
