theta: -1.7823915481567383
x: 69.84329986572266
y: -204.4120330810547
