theta: -1.8388046026229858
x: 69.93956756591797
y: -204.02438354492188
