theta: -1.9088551998138428
x: 70.06707000732422
y: -203.2724609375
