theta: -2.0562186241149902
x: 74.07479095458984
y: -196.73550415039062
