theta: 0.7742169499397278
x: 65.30313873291016
y: -203.54489135742188
