theta: 0.02305345982313156
x: 70.04450988769531
y: -200.8956298828125
