theta: 0.15060971677303314
x: 69.57057189941406
y: -200.94407653808594
