theta: 0.768696129322052
x: 65.27096557617188
y: -203.5763702392578
