theta: -0.5368474125862122
x: 70.21273040771484
y: -201.05078125
