theta: 0.09389877319335938
x: 69.89961242675781
y: -200.91500854492188
