theta: 0.7812923192977905
x: 65.79376220703125
y: -203.13136291503906
