theta: 0.7738772034645081
x: 65.51708984375
y: -203.33592224121094
