theta: -0.5288635492324829
x: 70.23485565185547
y: -201.0144805908203
