theta: 0.7926365733146667
x: 65.28460693359375
y: -203.60110473632812
