theta: -0.5412892699241638
x: 70.21238708496094
y: -201.03842163085938
