theta: -0.5418630838394165
x: 70.21012878417969
y: -201.049560546875
