theta: -0.5376119017601013
x: 70.21369171142578
y: -201.0513458251953
