theta: -0.5368474125862122
x: 70.21338653564453
y: -201.05116271972656
