theta: -0.5262305736541748
x: 70.23611450195312
y: -201.0152130126953
