theta: -0.5413742661476135
x: 70.21310424804688
y: -201.03884887695312
