theta: -0.5387347340583801
x: 70.24060821533203
y: -201.01930236816406
