theta: -0.3333470821380615
x: 70.17942810058594
y: -200.95700073242188
