theta: -0.5406739711761475
x: 70.20947265625
y: -201.04916381835938
