theta: 0.7704683542251587
x: 65.2744369506836
y: -203.61085510253906
