theta: -0.5405248999595642
x: 70.21417236328125
y: -201.03948974609375
