theta: -0.5389894843101501
x: 70.24140930175781
y: -201.01979064941406
