theta: -0.5151039361953735
x: 70.22314453125
y: -201.00758361816406
