theta: -0.4426024258136749
x: 70.24329376220703
y: -201.00613403320312
