theta: -0.12667179107666016
x: 70.15948486328125
y: -200.9540557861328
