theta: -0.5400087237358093
x: 70.2418212890625
y: -201.02003479003906
