theta: -1.351819634437561
x: 78.41361236572266
y: -190.7150421142578
