theta: -1.378095030784607
x: 77.81613159179688
y: -182.4550018310547
