theta: -1.3511261940002441
x: 77.77802276611328
y: -182.18885803222656
