theta: -1.4051244258880615
x: 79.10790252685547
y: -193.10299682617188
