theta: -1.5876613855361938
x: 77.34526062011719
y: -185.96591186523438
