theta: -1.3098784685134888
x: 78.89020538330078
y: -192.81640625
