theta: -1.5190396308898926
x: 79.47105407714844
y: -193.42330932617188
