theta: -1.3115050792694092
x: 78.4419937133789
y: -191.66824340820312
