theta: -1.8501269817352295
x: 77.41610717773438
y: -185.12478637695312
