theta: -1.8531522750854492
x: 77.66812133789062
y: -185.21560668945312
