theta: -1.3729712963104248
x: 78.5106201171875
y: -190.48110961914062
