theta: -1.3398948907852173
x: 77.73848724365234
y: -181.7725067138672
