theta: -1.8513689041137695
x: 77.69038391113281
y: -185.13873291015625
