theta: -1.3687591552734375
x: 77.98772430419922
y: -183.0894317626953
