theta: -1.6423856019973755
x: 77.3936767578125
y: -185.63970947265625
