theta: -1.3682498931884766
x: 77.93721008300781
y: -182.84327697753906
