theta: -1.7492190599441528
x: 77.34725189208984
y: -185.14857482910156
