theta: -1.5184684991836548
x: 79.44526672363281
y: -193.55421447753906
