theta: -1.4273353815078735
x: 77.4260025024414
y: -186.6363525390625
