theta: -1.85038161277771
x: 77.46669006347656
y: -184.94850158691406
