theta: -1.5672730207443237
x: 78.01193237304688
y: -184.17527770996094
