theta: -1.3374605178833008
x: 77.57821655273438
y: -181.39566040039062
