theta: -1.5181050300598145
x: 77.30451202392578
y: -186.2211151123047
