theta: -1.8128002882003784
x: 77.29400634765625
y: -184.8816375732422
