theta: -1.305213212966919
x: 78.28720092773438
y: -191.16754150390625
