theta: -1.4046083688735962
x: 79.04618072509766
y: -193.05018615722656
