theta: -1.449349284172058
x: 78.0411376953125
y: -183.64260864257812
