theta: -1.8233399391174316
x: 77.72099304199219
y: -185.03221130371094
