theta: -1.6409499645233154
x: 78.20252227783203
y: -184.1695556640625
