theta: -1.3072009086608887
x: 78.72845458984375
y: -192.5304718017578
