theta: -1.4041903018951416
x: 79.1178207397461
y: -193.1619110107422
