theta: -1.2945915460586548
x: 78.44747924804688
y: -192.0215606689453
