theta: -1.3051038980484009
x: 78.61891174316406
y: -192.21548461914062
