theta: -1.4253360033035278
x: 79.36465454101562
y: -193.30543518066406
