theta: -1.4036805629730225
x: 79.13118743896484
y: -193.24124145507812
