theta: -1.5147080421447754
x: 79.47557067871094
y: -193.50425720214844
