theta: -1.4671106338500977
x: 63.54298400878906
y: -107.65005493164062
