theta: -1.726157546043396
x: 64.45283508300781
y: -105.06340789794922
