theta: -2.522364854812622
x: 65.7097396850586
y: -102.91251373291016
