theta: -1.459479808807373
x: 63.54325485229492
y: -107.64836883544922
