theta: -2.611876964569092
x: 65.91951751708984
y: -102.76532745361328
