theta: -1.4613347053527832
x: 63.54314422607422
y: -107.6478042602539
