theta: -2.203747272491455
x: 64.77449798583984
y: -103.77931213378906
