theta: -1.4653490781784058
x: 63.49226379394531
y: -107.63703918457031
