theta: -1.9328562021255493
x: 64.02666473388672
y: -106.51136016845703
