theta: -1.9071124792099
x: 64.12354278564453
y: -106.11327362060547
