theta: -1.4623963832855225
x: 63.543060302734375
y: -107.64708709716797
