theta: -1.4585880041122437
x: 63.543434143066406
y: -107.64994812011719
