theta: -2.4667439460754395
x: 65.27802276611328
y: -103.33158111572266
