theta: -1.7995896339416504
x: 64.51700592041016
y: -104.7028579711914
