theta: -2.5324721336364746
x: 65.7586441040039
y: -102.87773895263672
