theta: -2.507288932800293
x: 65.57064819335938
y: -103.01423645019531
