theta: -2.036618709564209
x: 64.69692993164062
y: -104.04310607910156
