theta: -1.9136865139007568
x: 64.61128997802734
y: -104.38412475585938
