theta: -1.8036131858825684
x: 63.50642013549805
y: -107.750244140625
