theta: -1.7840118408203125
x: 64.38117218017578
y: -105.54328918457031
