theta: -1.4635429382324219
x: 63.54299545288086
y: -107.64642333984375
