theta: -2.5587072372436523
x: 65.85235595703125
y: -102.8087158203125
