theta: -2.3765549659729004
x: 65.01535034179688
y: -103.66956329345703
