theta: -1.4639476537704468
x: 63.49245071411133
y: -107.63876342773438
