theta: -1.4581208229064941
x: 63.54331970214844
y: -107.64894104003906
