theta: -1.8587032556533813
x: 64.2945785522461
y: -105.82305145263672
