theta: -2.6880717277526855
x: 65.98161315917969
y: -102.757080078125
