theta: -1.4629284143447876
x: 63.49258804321289
y: -107.64004516601562
