theta: -1.455678105354309
x: 63.51192092895508
y: -107.64787292480469
