theta: -1.4662187099456787
x: 63.54309844970703
y: -107.65113830566406
