theta: -1.900921106338501
x: 38.08932113647461
y: -226.20872497558594
