theta: -1.9002416133880615
x: 38.09038162231445
y: -226.2056121826172
