theta: -3.100466012954712
x: 45.71574020385742
y: -224.4842071533203
