theta: -3.0989022254943848
x: 44.99124526977539
y: -224.44654846191406
