theta: -2.993408441543579
x: 39.00688552856445
y: -225.6066436767578
