theta: -2.0879626274108887
x: 38.08348083496094
y: -226.25961303710938
