theta: -1.9756227731704712
x: 38.08417892456055
y: -226.22463989257812
