theta: -1.8992223739624023
x: 38.09022903442383
y: -226.2060546875
