theta: -3.1020333766937256
x: 45.50487518310547
y: -224.41481018066406
