theta: -2.0855624675750732
x: 38.091609954833984
y: -226.24000549316406
