theta: -2.07694149017334
x: 38.03824234008789
y: -226.25633239746094
