theta: -2.701659917831421
x: 42.47993850708008
y: -225.08811950683594
