theta: -3.100790500640869
x: 44.349300384521484
y: -224.47593688964844
