theta: -1.969422459602356
x: 38.08348083496094
y: -226.22630310058594
