theta: -2.0844132900238037
x: 38.13479232788086
y: -226.20330810546875
