theta: -2.0132369995117188
x: 38.11513900756836
y: -226.15562438964844
