theta: -2.859917402267456
x: 43.45338439941406
y: -224.61083984375
