theta: -2.0766866207122803
x: 38.03830337524414
y: -226.2562255859375
