theta: -3.102612257003784
x: 44.68138885498047
y: -224.4129638671875
