theta: -2.0882174968719482
x: 38.083797454833984
y: -226.25906372070312
