theta: -2.7192676067352295
x: 42.80546951293945
y: -224.88206481933594
