theta: -2.979569435119629
x: 43.786354064941406
y: -224.55104064941406
