theta: -2.769150733947754
x: 43.1546745300293
y: -224.71539306640625
