theta: -2.042722225189209
x: 38.07673263549805
y: -226.24000549316406
