theta: -2.807217836380005
x: 38.77969741821289
y: -225.5845947265625
