theta: -2.0883023738861084
x: 38.083194732666016
y: -226.26011657714844
