theta: -2.085902214050293
x: 38.09135055541992
y: -226.24046325683594
