theta: -2.0811007022857666
x: 38.134010314941406
y: -226.2047119140625
