theta: -2.0847129821777344
x: 38.0908088684082
y: -226.24142456054688
