theta: 1.4391766786575317
x: 72.74274444580078
y: -79.7090072631836
