theta: 1.4416987895965576
x: 72.35718536376953
y: -81.78861999511719
