theta: 0.8942005634307861
x: 71.31298065185547
y: -83.82036590576172
