theta: 0.7456751465797424
x: 71.85820007324219
y: -83.52867126464844
