theta: -1.3185197114944458
x: 66.48356628417969
y: -76.84333801269531
