theta: 0.892714262008667
x: 71.3505859375
y: -83.77361297607422
