theta: 0.8726694583892822
x: 71.4010009765625
y: -83.7124252319336
