theta: -1.2239949703216553
x: 66.74317932128906
y: -77.50582122802734
