theta: 1.4397213459014893
x: 72.75446319580078
y: -79.72158813476562
