theta: 1.450825810432434
x: 72.37190246582031
y: -81.68989562988281
