theta: 1.4392191171646118
x: 72.74273681640625
y: -79.70901489257812
