theta: 1.4922199249267578
x: 72.35662841796875
y: -81.49871063232422
