theta: 0.8357011675834656
x: 71.48929595947266
y: -83.75759887695312
