theta: 0.747840940952301
x: 71.915771484375
y: -83.4753189086914
