theta: -1.2857245206832886
x: 66.61091613769531
y: -77.17400360107422
