theta: 1.50211501121521
x: 72.36212921142578
y: -81.41905212402344
