theta: 1.5018823146820068
x: 72.3740005493164
y: -81.30661010742188
