theta: 1.4447954893112183
x: 72.36210632324219
y: -81.76918029785156
