theta: -1.0844333171844482
x: 67.15442657470703
y: -78.50108337402344
