theta: 1.439813494682312
x: 72.74270629882812
y: -79.70927429199219
