theta: 0.7878822684288025
x: 71.54619598388672
y: -83.69906616210938
