theta: 1.5010108947753906
x: 72.36760711669922
y: -81.34026336669922
