theta: 1.4392967224121094
x: 72.75437927246094
y: -79.72222900390625
