theta: 0.8024523854255676
x: 71.223388671875
y: -83.6756591796875
