theta: 0.7807607650756836
x: 71.66785430908203
y: -83.59928894042969
