theta: 1.442037582397461
x: 72.75565338134766
y: -79.72410583496094
