theta: 1.502943992614746
x: 72.37940979003906
y: -81.22703552246094
