theta: -1.0129555463790894
x: 67.8447494506836
y: -79.77609252929688
