theta: 1.4382524490356445
x: 72.73995208740234
y: -79.7157211303711
