theta: -1.083690881729126
x: 67.24566650390625
y: -78.7586898803711
