theta: -1.059104323387146
x: 67.60726165771484
y: -79.43840789794922
