theta: 0.7335364818572998
x: 71.80035400390625
y: -83.475830078125
