theta: -1.0797046422958374
x: 67.35189056396484
y: -79.04808807373047
