theta: 1.438931941986084
x: 72.73985290527344
y: -79.7164535522461
