theta: 1.4702762365341187
x: 72.38025665283203
y: -81.61122131347656
