theta: 0.7585077285766602
x: 71.72612762451172
y: -83.54356384277344
