theta: -1.1852037906646729
x: 66.81018829345703
y: -77.74727630615234
