theta: 1.5036234855651855
x: 72.38612365722656
y: -81.1274642944336
