theta: -1.1110951900482178
x: 66.95781707763672
y: -78.11727905273438
