theta: 1.4394242763519287
x: 72.75440216064453
y: -79.7220687866211
