theta: -1.4533109664916992
x: 71.8421630859375
y: -91.50428009033203
