theta: -1.503762125968933
x: 71.6657485961914
y: -89.4181900024414
