theta: -1.4782170057296753
x: 71.72703552246094
y: -90.15579223632812
