theta: -1.5097092390060425
x: 73.87626647949219
y: -98.87725067138672
