theta: -1.451825499534607
x: 71.74885559082031
y: -90.5827865600586
