theta: -1.4563779830932617
x: 71.70211791992188
y: -90.3770980834961
