theta: -1.4515366554260254
x: 71.7190933227539
y: -90.51776885986328
