theta: -1.1687114238739014
x: 73.25061798095703
y: -96.9897232055664
