theta: -1.291959285736084
x: 72.33229064941406
y: -94.3568115234375
