theta: -1.6390669345855713
x: 71.47069549560547
y: -86.5012435913086
