theta: -1.447084903717041
x: 71.7884750366211
y: -90.84526062011719
