theta: -1.5080510377883911
x: 73.86329650878906
y: -98.85774993896484
