theta: -1.4375609159469604
x: 71.9510726928711
y: -92.2429428100586
