theta: -1.443619966506958
x: 71.87980651855469
y: -91.87995910644531
