theta: -1.5076261758804321
x: 73.86311340332031
y: -98.85490417480469
