theta: -1.6062588691711426
x: 71.52183532714844
y: -86.52278137207031
