theta: -1.5081783533096313
x: 73.86320495605469
y: -98.8563461303711
