theta: -1.4111820459365845
x: 72.06625366210938
y: -93.22437286376953
