theta: -1.3288019895553589
x: 72.20947265625
y: -93.91412353515625
