theta: -1.2642894983291626
x: 72.64529418945312
y: -95.35231018066406
