theta: -1.5189143419265747
x: 71.54641723632812
y: -88.3360824584961
