theta: -1.447537899017334
x: 71.81779479980469
y: -91.23564147949219
