theta: -1.487658977508545
x: 71.6528091430664
y: -89.8110122680664
