theta: -1.3566542863845825
x: 72.15010070800781
y: -93.62515258789062
