theta: -1.1687520742416382
x: 73.0657958984375
y: -96.34566497802734
