theta: -1.2714688777923584
x: 72.57418060302734
y: -95.02259826660156
