theta: -1.4316526651382446
x: 72.05835723876953
y: -92.90650939941406
