theta: -1.2860472202301025
x: 72.37870025634766
y: -94.64521789550781
