theta: -1.5068855285644531
x: 73.84041595458984
y: -98.87890625
