theta: -1.2830756902694702
x: 72.42369842529297
y: -94.86473083496094
