theta: -1.1939237117767334
x: 73.02413940429688
y: -96.12369537353516
