theta: -1.558011531829834
x: 71.55834197998047
y: -86.86966705322266
