theta: -1.551143765449524
x: 71.50194549560547
y: -87.14710998535156
