theta: -1.4326890707015991
x: 72.0102767944336
y: -92.63172149658203
