theta: -1.2514888048171997
x: 72.82634735107422
y: -95.60456848144531
