theta: -1.2329094409942627
x: 72.8963851928711
y: -95.7930908203125
