theta: -0.07093672454357147
x: 74.9488754272461
y: -190.42626953125
