theta: -0.4903793931007385
x: 78.09735107421875
y: -191.31365966796875
