theta: -0.33052560687065125
x: 72.04440307617188
y: -190.69813537597656
