theta: -0.09027116000652313
x: 77.2115707397461
y: -190.74139404296875
