theta: -0.4905277192592621
x: 78.4823226928711
y: -191.55149841308594
