theta: -0.0893649160861969
x: 76.79383850097656
y: -190.72251892089844
