theta: -0.40427297353744507
x: 71.56824493408203
y: -190.54827880859375
