theta: -0.491036981344223
x: 78.55208587646484
y: -191.5887908935547
