theta: -0.1128322184085846
x: 77.60205078125
y: -190.72251892089844
