theta: 0.36492133140563965
x: 74.6015853881836
y: -190.94068908691406
