theta: -0.09242819249629974
x: 77.03717803955078
y: -190.72113037109375
