theta: -0.7806168794631958
x: 71.10676574707031
y: -190.30775451660156
