theta: 0.31626924872398376
x: 74.52828216552734
y: -191.04690551757812
