theta: -0.09069554507732391
x: 77.11241912841797
y: -190.73239135742188
