theta: -1.5434163808822632
x: 79.33045196533203
y: -191.7739715576172
