theta: -1.158759593963623
x: 78.96563720703125
y: -191.63282775878906
