theta: 0.3538588881492615
x: 74.43267059326172
y: -191.06936645507812
