theta: -0.12804070115089417
x: 73.4658432006836
y: -191.06686401367188
