theta: -0.484418660402298
x: 77.88346099853516
y: -190.9464111328125
