theta: -0.6679983735084534
x: 71.16165924072266
y: -190.2903594970703
