theta: -0.7168298959732056
x: 71.15141296386719
y: -190.3463897705078
