theta: -0.06601051986217499
x: 74.79122924804688
y: -190.41494750976562
