theta: -0.09229473024606705
x: 75.2647705078125
y: -190.56813049316406
