theta: -0.033610664308071136
x: 74.53192901611328
y: -190.541015625
