theta: -0.6096257567405701
x: 71.31188201904297
y: -190.49208068847656
