theta: -1.513982892036438
x: 79.2644271850586
y: -191.6647186279297
