theta: -0.09119037538766861
x: 75.36295318603516
y: -190.57713317871094
