theta: -0.0195809006690979
x: 73.77645111083984
y: -191.0591278076172
