theta: -0.6024064421653748
x: 71.36067962646484
y: -190.52554321289062
