theta: -0.0765729546546936
x: 73.67765808105469
y: -191.05523681640625
