theta: -0.330314964056015
x: 71.80655670166016
y: -190.65744018554688
