theta: -0.27786514163017273
x: 71.98946380615234
y: -190.67987060546875
