theta: -0.46469926834106445
x: 71.56367492675781
y: -190.54843139648438
