theta: -0.4956270456314087
x: 78.30560302734375
y: -191.3641357421875
