theta: -0.4693000614643097
x: 77.726318359375
y: -190.86380004882812
