theta: -0.4232513904571533
x: 72.59589385986328
y: -190.89527893066406
