theta: -0.49333345890045166
x: 78.21863555908203
y: -191.3171844482422
