theta: -0.09076551347970963
x: 75.44151306152344
y: -190.58428955078125
