theta: -0.29111549258232117
x: 71.89430236816406
y: -190.65380859375
