theta: -0.07345866411924362
x: 74.98486328125
y: -190.5100555419922
