theta: -0.2960917353630066
x: 77.55931091308594
y: -190.78311157226562
