theta: -1.5423120260238647
x: 79.33039855957031
y: -191.772216796875
