theta: -0.0917150229215622
x: 77.40315246582031
y: -190.75900268554688
