theta: 0.27244868874549866
x: 74.38709259033203
y: -191.01185607910156
