theta: -1.5189090967178345
x: 79.26454162597656
y: -191.6669158935547
