theta: -0.4948534369468689
x: 78.37120819091797
y: -191.43905639648438
