theta: -0.09432116150856018
x: 73.54495239257812
y: -191.07481384277344
