theta: -0.8370271325111389
x: 71.07305908203125
y: -190.22422790527344
