theta: -0.48356893658638
x: 77.79719543457031
y: -190.90103149414062
