theta: -0.46096524596214294
x: 72.37686157226562
y: -190.8275604248047
