theta: -1.5718826055526733
x: 79.37019348144531
y: -191.8661346435547
