theta: -0.07269381731748581
x: 75.0437240600586
y: -190.5143585205078
