theta: -0.23145551979541779
x: 77.50401306152344
y: -190.7668914794922
