theta: -0.4959504306316376
x: 78.72185516357422
y: -191.6730194091797
