theta: 0.08442675322294235
x: 74.10591125488281
y: -191.1403045654297
