theta: -0.898860514163971
x: 71.02316284179688
y: -190.1666259765625
