theta: -0.8936792016029358
x: 70.9919204711914
y: -190.12730407714844
