theta: -0.16609880328178406
x: 77.70650482177734
y: -190.7081756591797
