theta: -0.09979879856109619
x: 75.51513671875
y: -190.6334228515625
