theta: -1.5654488801956177
x: 79.33585357666016
y: -191.84378051757812
