theta: -0.2686452567577362
x: 73.1084976196289
y: -191.05538940429688
