theta: 0.1580435037612915
x: 74.35032653808594
y: -191.02561950683594
