theta: -0.49417394399642944
x: 78.4235610961914
y: -191.46728515625
