theta: 0.01732766069471836
x: 74.02700805664062
y: -191.14566040039062
