theta: -0.4948177635669708
x: 78.6381607055664
y: -191.747802734375
