theta: -0.40353280305862427
x: 72.18074035644531
y: -190.67018127441406
