theta: -0.49578067660331726
x: 78.6522445678711
y: -191.6353759765625
