theta: -1.5644298791885376
x: 79.33586120605469
y: -191.84503173828125
