theta: -0.4457612931728363
x: 72.51897430419922
y: -190.8966827392578
