theta: -0.4204954504966736
x: 71.47767639160156
y: -190.50872802734375
