theta: -0.18129530549049377
x: 73.3870849609375
y: -191.05567932128906
