theta: 0.36509108543395996
x: 74.43695068359375
y: -191.0038299560547
