theta: -0.49197158217430115
x: 78.62222290039062
y: -191.62632751464844
