theta: -0.6810747385025024
x: 78.82279205322266
y: -191.70114135742188
