theta: -0.4559536874294281
x: 72.44793701171875
y: -190.86245727539062
