theta: -0.5028352737426758
x: 71.51103973388672
y: -190.52162170410156
