theta: 0.054831236600875854
x: 74.4914779663086
y: -190.6237030029297
