theta: -0.07306008040904999
x: 74.8703384399414
y: -190.420654296875
