theta: 0.33508819341659546
x: 74.35842895507812
y: -191.09657287597656
