theta: -1.5435012578964233
x: 79.3304214477539
y: -191.77297973632812
