theta: 0.27475985884666443
x: 74.41152954101562
y: -190.77554321289062
