theta: 0.2180897295475006
x: 74.33013153076172
y: -191.02793884277344
