theta: 0.1570093333721161
x: 74.38890075683594
y: -190.6313934326172
