theta: -0.37683868408203125
x: 77.64720153808594
y: -190.8853759765625
