theta: -0.5786241888999939
x: 71.42630767822266
y: -190.5695037841797
