theta: -0.48876529932022095
x: 77.94720458984375
y: -191.23355102539062
