theta: -1.3869376182556152
x: 79.09014892578125
y: -191.60791015625
