theta: -0.4940890669822693
x: 78.51052856445312
y: -191.51412963867188
