theta: -0.44745802879333496
x: 72.52427673339844
y: -190.8622283935547
