theta: -0.8506970405578613
x: 78.93877410888672
y: -191.58399963378906
