theta: -0.3746512830257416
x: 71.73216247558594
y: -190.630859375
