theta: 0.36670470237731934
x: 74.52816772460938
y: -190.9688720703125
