theta: -1.6897472143173218
x: 52.41160202026367
y: -101.0619888305664
