theta: -2.3272440433502197
x: 53.20314025878906
y: -99.33563995361328
