theta: -2.4107463359832764
x: 55.256141662597656
y: -97.32288360595703
