theta: -1.7165385484695435
x: 52.286155700683594
y: -101.46311950683594
