theta: -1.9827044010162354
x: 52.637794494628906
y: -100.28864288330078
