theta: -2.413721799850464
x: 55.4867057800293
y: -97.13272094726562
