theta: -3.121203899383545
x: 60.46345138549805
y: -95.811279296875
