theta: -1.7320189476013184
x: 52.44935989379883
y: -100.82096099853516
