theta: -2.286316156387329
x: 52.965919494628906
y: -99.56513214111328
