theta: -2.3333535194396973
x: 53.73377990722656
y: -98.7226791381836
