theta: -2.3867151737213135
x: 54.67606735229492
y: -97.79716491699219
