theta: -2.4702324867248535
x: 55.742862701416016
y: -96.78807067871094
