theta: -1.8557761907577515
x: 52.49516677856445
y: -100.5156021118164
