theta: -2.3258280754089355
x: 53.97111511230469
y: -98.47145080566406
