theta: -2.1863114833831787
x: 52.81462860107422
y: -99.883544921875
