theta: -1.6817823648452759
x: 52.338401794433594
y: -101.27615356445312
