theta: -2.361023187637329
x: 54.42933654785156
y: -98.01283264160156
