theta: 2.522549629211426
x: 67.62174224853516
y: -199.716064453125
