theta: 2.5162956714630127
x: 70.95826721191406
y: -203.50840759277344
