theta: 1.9599254131317139
x: 67.49883270263672
y: -199.49383544921875
