theta: 2.23042631149292
x: 69.57426452636719
y: -201.3742218017578
