theta: 2.2756643295288086
x: 70.79370880126953
y: -203.31777954101562
