theta: 2.4554712772369385
x: 68.72521209716797
y: -200.55038452148438
