theta: 2.0897655487060547
x: 70.2093734741211
y: -202.3598175048828
