theta: 2.148988723754883
x: 67.52948760986328
y: -199.59400939941406
