theta: 2.446229934692383
x: 67.53607177734375
y: -199.65542602539062
