theta: 2.3328404426574707
x: 67.4838638305664
y: -199.6055908203125
