theta: 2.1369242668151855
x: 70.0352783203125
y: -202.08010864257812
