theta: 2.2134668827056885
x: 70.72156524658203
y: -203.23468017578125
