theta: 2.5164682865142822
x: 67.87709045410156
y: -199.9222412109375
