theta: 2.0720701217651367
x: 70.50700378417969
y: -202.9391326904297
