theta: 2.4178466796875
x: 70.89207458496094
y: -203.42567443847656
