theta: 1.8032519817352295
x: 67.4802017211914
y: -199.3737030029297
