theta: 2.510470151901245
x: 68.10041046142578
y: -200.09921264648438
