theta: 2.520374298095703
x: 67.66421508789062
y: -199.76596069335938
