theta: 2.367431163787842
x: 69.13775634765625
y: -200.8555145263672
