theta: 2.159036159515381
x: 69.87870025634766
y: -201.8234405517578
