theta: 2.30094838142395
x: 69.36705780029297
y: -201.15884399414062
