theta: 2.0649704933166504
x: 70.4047622680664
y: -202.75677490234375
