theta: 2.5210537910461426
x: 67.7354965209961
y: -199.81698608398438
