theta: 2.4955437183380127
x: 68.39600372314453
y: -200.3096466064453
