theta: 2.4784913063049316
x: 70.9063491821289
y: -203.4262237548828
