theta: -3.0441837310791016
x: 72.6895751953125
y: -219.70741271972656
