theta: 2.8906874656677246
x: 71.10735321044922
y: -219.87374877929688
