theta: 1.625025749206543
x: 71.07950592041016
y: -220.01345825195312
