theta: 3.0863564014434814
x: 72.21217346191406
y: -219.8701171875
