theta: 1.6225669384002686
x: 71.045654296875
y: -220.00115966796875
