theta: 1.6233315467834473
x: 71.04557800292969
y: -219.999755859375
