theta: 3.100971221923828
x: 72.27474212646484
y: -219.96629333496094
