theta: 3.1273863315582275
x: 72.38282012939453
y: -219.9706268310547
