theta: 3.0840632915496826
x: 71.85594940185547
y: -219.8498077392578
