theta: -2.8406827449798584
x: 73.31672668457031
y: -219.58599853515625
