theta: -2.9814159870147705
x: 72.84696960449219
y: -219.6902618408203
