theta: 1.898750901222229
x: 71.21137237548828
y: -219.86849975585938
