theta: 2.611149311065674
x: 71.07966613769531
y: -219.79302978515625
