theta: 1.6254503726959229
x: 71.07955169677734
y: -220.01434326171875
