theta: 1.623666763305664
x: 71.07947540283203
y: -220.0127716064453
