theta: 1.62178373336792
x: 71.10563659667969
y: -219.99844360351562
