theta: 3.077451705932617
x: 71.26994323730469
y: -219.73809814453125
