theta: 1.6358693838119507
x: 71.20519256591797
y: -219.84902954101562
