theta: 3.0231707096099854
x: 71.11956787109375
y: -219.81356811523438
