theta: 3.0825250148773193
x: 71.58155059814453
y: -219.79957580566406
