theta: 1.6226329803466797
x: 71.10559844970703
y: -219.99758911132812
