theta: -1.997320294380188
x: 64.5313491821289
y: -96.65423583984375
