theta: -1.9899815320968628
x: 64.91922760009766
y: -95.64897155761719
