theta: -1.9275875091552734
x: 67.05635070800781
y: -90.69281768798828
