theta: -1.8349416255950928
x: 69.07430267333984
y: -85.23067474365234
