theta: -1.6979708671569824
x: 63.77491760253906
y: -99.07234191894531
