theta: -1.8357720375061035
x: 69.35832214355469
y: -84.17561340332031
