theta: -1.9792356491088867
x: 64.58184814453125
y: -96.56242370605469
