theta: -1.8535494804382324
x: 64.15396118164062
y: -97.56371307373047
