theta: -1.8761061429977417
x: 67.44197082519531
y: -89.6026611328125
