theta: -2.0160486698150635
x: 64.4582748413086
y: -96.80831146240234
