theta: -1.9419407844543457
x: 68.70986938476562
y: -86.33058166503906
