theta: -1.7022751569747925
x: 63.763919830322266
y: -99.06371307373047
