theta: -1.963925838470459
x: 68.44324493408203
y: -87.0037841796875
