theta: -1.6977161169052124
x: 63.7748908996582
y: -99.07258605957031
