theta: -1.8803799152374268
x: 67.61729431152344
y: -89.3306884765625
