theta: -1.974717617034912
x: 64.29020690917969
y: -97.23529815673828
