theta: -1.820465087890625
x: 69.27488708496094
y: -84.57355499267578
