theta: -1.9210692644119263
x: 68.8733139038086
y: -86.01439666748047
