theta: -1.9229958057403564
x: 63.95606231689453
y: -98.1245346069336
