theta: -1.9619604349136353
x: 66.7986831665039
y: -91.62135314941406
