theta: -1.962124228477478
x: 67.90625
y: -88.56177520751953
