theta: -1.960999846458435
x: 64.88074493408203
y: -95.82400512695312
