theta: -1.8281265497207642
x: 63.94192886352539
y: -98.3777084350586
