theta: -1.984169602394104
x: 67.99874114990234
y: -88.00169372558594
