theta: -1.9463146924972534
x: 63.88671875
y: -98.54969024658203
