theta: -1.8208427429199219
x: 69.11539459228516
y: -84.98922729492188
