theta: -1.9512492418289185
x: 64.6712417602539
y: -96.35001373291016
