theta: -1.8958911895751953
x: 67.6280288696289
y: -89.08633422851562
