theta: -1.8750684261322021
x: 67.28599548339844
y: -90.04735565185547
