theta: -1.9085662364959717
x: 64.26976776123047
y: -97.28056335449219
