theta: -1.9644992351531982
x: 64.62181091308594
y: -96.47002410888672
