theta: -2.016498565673828
x: 64.35823059082031
y: -97.05471801757812
