theta: -1.9294933080673218
x: 64.051513671875
y: -97.86858367919922
