theta: -1.8954557180404663
x: 67.19120025634766
y: -90.36924743652344
