theta: -1.954277515411377
x: 66.87775421142578
y: -91.28287506103516
