theta: -1.9848017692565918
x: 67.93750762939453
y: -88.30610656738281
