theta: -1.6980558633804321
x: 63.77495574951172
y: -99.07208251953125
