theta: -1.9530174732208252
x: 64.69416809082031
y: -96.268798828125
