theta: -1.9546244144439697
x: 66.96955871582031
y: -90.9892578125
