theta: -1.9798128604888916
x: 68.21049499511719
y: -87.55963134765625
