theta: -1.8396408557891846
x: 64.21748352050781
y: -97.46855163574219
