theta: -1.9542077779769897
x: 68.58638000488281
y: -86.65045166015625
