theta: -1.8841221332550049
x: 69.00755310058594
y: -85.64251708984375
