theta: -1.8691061735153198
x: 63.961177825927734
y: -98.19207000732422
