theta: -1.8980557918548584
x: 64.11949157714844
y: -97.66804504394531
