theta: -1.6970759630203247
x: 63.765235900878906
y: -99.0725326538086
