theta: -1.631950855255127
x: 73.82496643066406
y: -150.75180053710938
