theta: -1.6189405918121338
x: 73.8016586303711
y: -151.03915405273438
