theta: -1.4321438074111938
x: 73.73731231689453
y: -153.58627319335938
