theta: -1.4214458465576172
x: 73.72494506835938
y: -153.6976776123047
