theta: -1.4017397165298462
x: 73.77217864990234
y: -153.72750854492188
