theta: -1.421785593032837
x: 73.72521209716797
y: -153.69947814941406
