theta: -1.416049599647522
x: 73.73374938964844
y: -153.71726989746094
