theta: -1.6421654224395752
x: 73.8147964477539
y: -149.0745391845703
