theta: -1.632311224937439
x: 73.83662414550781
y: -150.24127197265625
