theta: -1.3953496217727661
x: 73.77383422851562
y: -153.67416381835938
