theta: -1.6004143953323364
x: 73.75614929199219
y: -151.8907012939453
