theta: -1.431294322013855
x: 73.73759460449219
y: -153.5882568359375
