theta: -1.5902657508850098
x: 73.70469665527344
y: -152.65570068359375
