theta: -1.5378128290176392
x: 73.89939880371094
y: -146.49197387695312
