theta: -1.5968396663665771
x: 73.75853729248047
y: -152.15423583984375
