theta: -1.6265162229537964
x: 73.8753890991211
y: -147.18289184570312
