theta: -1.6330276727676392
x: 73.85760498046875
y: -147.61105346679688
