theta: -1.4159647226333618
x: 73.73392486572266
y: -153.7183837890625
