theta: -1.642103910446167
x: 73.88478088378906
y: -148.06443786621094
