theta: -1.416474461555481
x: 73.73358154296875
y: -153.71615600585938
