theta: -1.5878170728683472
x: 73.72415161132812
y: -152.99461364746094
