theta: -1.4019097089767456
x: 73.7723617553711
y: -153.7285919189453
