theta: -1.4018245935440063
x: 73.77254486083984
y: -153.72964477539062
