theta: -1.6048346757888794
x: 73.7741470336914
y: -151.4102783203125
