theta: -1.3908592462539673
x: 73.78607940673828
y: -153.667724609375
