theta: -1.4318040609359741
x: 73.73798370361328
y: -153.591064453125
