theta: -1.5447596311569214
x: 73.7415771484375
y: -153.47647094726562
