theta: -1.641268253326416
x: 73.82089233398438
y: -148.73501586914062
