theta: -1.5156569480895996
x: 73.76067352294922
y: -153.56166076660156
