theta: -1.6432080268859863
x: 73.86331176757812
y: -148.36070251464844
