theta: 0.8544490933418274
x: 72.70531463623047
y: -86.96617889404297
