theta: 1.1448843479156494
x: 72.56783294677734
y: -87.64807891845703
