theta: 1.1607465744018555
x: 72.56056213378906
y: -87.66072845458984
