theta: 0.5266599059104919
x: 68.55368041992188
y: -88.99397277832031
