theta: 1.1937071084976196
x: 72.44842529296875
y: -87.72684478759766
