theta: 1.2467591762542725
x: 72.44197845458984
y: -87.69517517089844
