theta: 0.6342951655387878
x: 72.13497161865234
y: -87.52830505371094
