theta: 1.16343355178833
x: 72.51667022705078
y: -87.69709777832031
