theta: 1.1621055603027344
x: 72.56023406982422
y: -87.66149139404297
