theta: 0.47347086668014526
x: 69.91108703613281
y: -88.48118591308594
