theta: 0.4591304659843445
x: 69.33989715576172
y: -88.62374877929688
