theta: 0.9347419142723083
x: 72.78250122070312
y: -86.92389678955078
