theta: 1.1630938053131104
x: 72.51709747314453
y: -87.69609069824219
