theta: 1.2429808378219604
x: 72.45454406738281
y: -87.70184326171875
