theta: 1.248415470123291
x: 72.44181823730469
y: -87.6956558227539
