theta: 1.1623718738555908
x: 72.51744842529297
y: -87.6952896118164
