theta: 0.5138588547706604
x: 68.13064575195312
y: -91.02654266357422
