theta: 1.2594032287597656
x: 72.450927734375
y: -87.70489501953125
