theta: 1.245330572128296
x: 72.44096374511719
y: -87.693603515625
