theta: 1.2714658975601196
x: 72.44893646240234
y: -87.72516632080078
