theta: 0.5171676874160767
x: 68.85338592529297
y: -89.1439208984375
