theta: 0.47368916869163513
x: 70.2607421875
y: -88.32830810546875
