theta: 0.5578511953353882
x: 71.80838775634766
y: -87.64927673339844
