theta: 0.7130120992660522
x: 72.46202850341797
y: -87.30116271972656
