theta: 1.258638858795166
x: 72.45113372802734
y: -87.70427703857422
