theta: 1.2459948062896729
x: 72.44204711914062
y: -87.6949691772461
