theta: 1.2672598361968994
x: 72.45033264160156
y: -87.70677185058594
