theta: 0.49300581216812134
x: 71.43378448486328
y: -87.95494842529297
