theta: -2.556926965713501
x: 64.26801300048828
y: -71.57865142822266
