theta: -1.4130027294158936
x: 62.35116958618164
y: -75.59843444824219
