theta: -1.4115588665008545
x: 62.35124588012695
y: -75.59891510009766
