theta: -2.550610065460205
x: 63.90010070800781
y: -71.79914093017578
