theta: -1.4157376289367676
x: 62.37644958496094
y: -75.60054016113281
