theta: -1.4180097579956055
x: 62.3763427734375
y: -75.59986114501953
