theta: -2.478060007095337
x: 63.23158645629883
y: -72.24349212646484
