theta: -1.4281132221221924
x: 62.38737869262695
y: -75.65943145751953
