theta: -2.54964017868042
x: 64.84971618652344
y: -71.19342803955078
