theta: -1.4119832515716553
x: 62.351219177246094
y: -75.59873962402344
