theta: -1.4143383502960205
x: 62.34151840209961
y: -75.57772827148438
