theta: -2.5499181747436523
x: 63.501869201660156
y: -72.04170227050781
