theta: -1.4198360443115234
x: 62.37626266479492
y: -75.59934997558594
