theta: -1.4291536808013916
x: 62.3873176574707
y: -75.65899658203125
