theta: -1.4156886339187622
x: 62.350189208984375
y: -75.56776428222656
