theta: -1.8285225629806519
x: 50.611392974853516
y: -223.9300079345703
