theta: -1.8270244598388672
x: 50.570804595947266
y: -223.92431640625
