theta: -1.0175889730453491
x: 49.79934310913086
y: -221.73538208007812
