theta: -1.825982689857483
x: 50.617740631103516
y: -223.9137420654297
