theta: -1.825982689857483
x: 50.617767333984375
y: -223.9136505126953
