theta: -1.4835094213485718
x: 48.8348388671875
y: -218.7895965576172
