theta: -0.961200475692749
x: 50.171077728271484
y: -222.38565063476562
