theta: -1.3523547649383545
x: 49.011962890625
y: -219.83065795898438
