theta: -1.3852261304855347
x: 48.92142105102539
y: -219.21331787109375
