theta: -1.1741255521774292
x: 49.395973205566406
y: -220.85940551757812
