theta: -1.8280977010726929
x: 50.61114501953125
y: -223.9309539794922
