theta: -1.240441083908081
x: 49.206520080566406
y: -220.52859497070312
