theta: -1.3223440647125244
x: 49.09694290161133
y: -220.09332275390625
