theta: -1.8278766870498657
x: 50.63015365600586
y: -223.91290283203125
