theta: -0.977918267250061
x: 49.95562744140625
y: -222.05638122558594
