theta: -1.832818627357483
x: 50.65299987792969
y: -223.8863983154297
