theta: -1.096901297569275
x: 49.674705505371094
y: -221.4643096923828
