theta: -1.8258975744247437
x: 50.6177978515625
y: -223.91354370117188
