theta: -1.7060904502868652
x: 50.73378372192383
y: -223.7881622314453
