theta: -1.3770071268081665
x: 48.97328567504883
y: -219.4525604248047
