theta: -1.8276190757751465
x: 50.571041107177734
y: -223.9234161376953
